Daily Cases,Daily Death,Total Death
0,0,0
0,0,0
0,0,0
0,0,0
0,0,0
0,0,0
0,0,0
0,0,0
0,0,0
0,0,0
0,0,0
0,0,0
0,0,0
0,0,0
0,0,0
0,0,0
3,0,0
1,0,0
22,0,0
1,0,0
1,0,0
3,0,0
6,0,0
7,0,0
15,0,0
0,0,0
12,1,1
8,1,2
18,0,2
14,0,2
15,0,2
14,1,3
26,0,3
25,1,4
55,1,5
83,0,5
64,2,7
103,3,10
37,0,10
121,2,12
70,8,20
160,0,20
100,4,24
37,3,27
227,5,32
146,3,35
601,23,58
545,14,72
516,14,86
529,13,99
701,19,118
489,18,136
573,24,160
565,18,178
809,49,227
875,22,249
846,39,288
759,43,331
1248,27,358
1034,35,393
883,29,422
1060,26,448
922,38,486
2013,35,521
1250,38,559
924,33,592
1541,53,645
1290,36,681
1669,40,721
1408,59,780
1836,45,825
1607,56,881
1561,58,939
1873,69,1008
1738,71,1079
1801,75,1154
2394,69,1223
2442,100,1323
2806,68,1391
3932,175,1566
2963,127,1693
3587,92,1785
3364,104,1889
3344,96,1985
3113,116,2101
4353,111,2212
3607,82,2294
3524,121,2415
3763,136,2551
3942,98,2649
3787,104,2753
4864,118,2871
5050,154,3025
4630,131,3156
6147,146,3302
5553,132,3434
6198,150,3584
6568,142,3726
6629,142,3868
7113,156,4024
6414,148,4172
5843,172,4344
7293,190,4534
7300,177,4711
8105,269,4980
8336,205,5185
8782,223,5408
7761,200,5608
8821,221,5829
9633,259,6088
9889,275,6363
9471,286,6649
10438,297,6946
10864,261,7207
8442,266,7473
8852,246,7719
12375,388,8107
11128,394,8501
11320,389,8890
12023,309,9199
11157,321,9520
10243,395,9915
11135,2006,11921
13103,341,12262
13827,342,12604
14721,366,12970
15915,307,13277
15183,426,13703
13540,312,14015
15665,468,14483
16870,424,14907
18185,401,15308
18276,381,15689
20131,414,16103
19620,384,16487
18339,417,16904
18256,506,17410
19428,438,17848
21948,377,18225
22721,444,18669
24015,610,19279
23932,421,19700
22510,474,20174
23135,479,20653
25571,491,21144
25790,479,21623
27761,521,22144
27755,543,22687
29108,500,23187
28179,540,23727
29842,588,24315
32682,614,24929
35468,680,25609
34820,676,26285
37407,543,26828
40243,675,27503
36810,596,28099
39168,671,28770
45599,1120,29890
48446,755,30645
48892,761,31406
48472,690,32096
50525,716,32812
46484,636,33448
49632,776,34224
52249,779,35003
54966,783,35786
57704,765,36551
54865,852,37403
52783,758,38161
50629,810,38971
51282,849,39820
56626,919,40739
62170,899,41638
61455,940,42578
65156,875,43453
62117,1013,44466
53016,887,45353
61252,835,46188
67066,950,47138
64142,1006,48144
65609,990,49134
63986,950,50084
58108,961,51045
54288,880,51925
65022,1089,53014
69196,980,53994
68507,981,54975
69039,953,55928
70068,918,56846
61749,846,57692
59696,854,58546
66873,1066,59612
75995,1017,60629
76826,1065,61694
76665,1019,62713
78472,944,63657
79457,960,64617
68770,818,65435
78169,1025,66460
82860,1026,67486
84156,1083,68569
87115,1066,69635
90600,1044,70679
91723,1008,71687
75022,1129,72816
89852,1107,73923
95529,1168,75091
96760,1213,76304
97654,1202,77506
94409,1108,78614
93215,1140,79754
81911,1054,80808
91120,1283,82091
97859,1139,83230
96793,1174,84404
92789,1221,85625
92755,1149,86774
87382,1135,87909
74493,1056,88965
80391,1056,90021
89688,1152,91173
85919,1144,92317
85468,1093,93410
89010,1124,94534
82767,1040,95574
69671,777,96351
80500,1178,97529
86748,1179,98708
81693,1096,99804
79974,1071,100875
75479,937,101812
74767,902,102714
59893,886,103600
72106,991,104591
78809,963,105554
70824,967,106521
73196,929,107450
74535,921,108371
67757,813,109184
54265,710,109894
63517,723,110617
67988,694,111311
60439,835,112146
65126,886,113032
62092,1032,114064
55511,578,114642
46498,594,115236
54422,714,115950
56000,703,116653
54482,683,117336
54028,656,117992
50224,575,118567
45158,463,119030
36838,505,119535
42965,519,120054
49912,509,120563
49281,568,121131
48120,550,121681
46715,468,122149
46441,493,122642
37592,497,123139
46033,511,123650
50465,704,124354
47622,675,125029
49851,576,125605
46318,557,126162
46661,491,126653
37211,451,127104
44679,511,127615
48285,550,128165
43861,521,128686
45343,539,129225
41659,449,129674
30715,435,130109
28555,450,130559
38532,472,131031
45439,587,131618
46182,584,132202
46288,562,132764
45295,499,133263
44404,510,133773
37410,481,134254
44276,489,134743
44699,518,135261
43174,491,135752
41353,486,136238
41815,495,136733
39036,444,137177
31179,482,137659
36456,500,138159
33761,498,138657
38309,570,139227
36638,509,139736
36111,480,140216
32272,374,140590
27107,404,140994
32067,404,141398
26351,337,141735
34666,487,142222
30034,440,142662
30354,393,143055
27336,338,143393
21791,353,143746
26401,384,144130
18164,357,144487
26762,342,144829
26991,342,145171
26834,342,145513
24589,330,145843
19174,302,146145
23886,331,146476
24236,302,146778
23924,350,147128
22350,251,147379
18574,280,147659
20333,281,147940
16072,250,148190
20529,285,148475
21957,299,148774
19046,244,149018
17080,187,149205
21222,266,149471
16660,215,149686
16278,200,149886
17909,265,150151
20460,221,150372
18106,234,150606
18482,229,150835
18820,213,151048
16085,150,151198
12482,166,151364
15903,200,151564
17015,201,151765
15677,189,151954
15151,176,152130
15051,181,152311
13962,145,152456
9975,137,152593
13795,161,152754
15277,152,152906
14481,161,153067
14344,154,153221
14891,155,153376
13239,132,153508
9036,116,153624
12569,127,153751
11752,134,153885
18940,162,154047
13055,137,154184
13065,128,154312
11528,116,154428
8587,94,154522
11000,113,154635
12917,107,154742
12410,120,154862
11689,94,154956
11948,72,155028
11673,86,155114
8947,81,155195
10510,85,155280
12760,119,155399
9353,85,155484
12137,104,155588
12188,85,155673
11434,91,155764
9139,76,155840
11795,109,155949
12440,89,156038
12643,85,156123
14587,117,156240
14315,99,156339
